First Channel output values conv2d layer: 
Output Height: 32
Output Width: 32
Number of Channels: 64
-0.417222 -0.588644 -0.579559 -0.57151 -0.563079 -0.493424 -0.508094 -0.547049 -0.566876 -0.578673 -0.576642 -0.536539 -0.554385 -0.484749 -0.384218 -0.335075 -0.363369 -0.3624 -0.336799 -0.381262 -0.496835 -0.473247 -0.464068 -0.493744 -0.512973 -0.517072 -0.541894 -0.536105 -0.556662 -0.457373 -0.388926 -0.226429 
0.0495863 0.0474428 0.0798789 0.0446958 0.0133434 0.00619368 -0.0225638 -0.0164611 0.0123012 0.0197502 0.0265246 0.0339383 0.023053 0.149549 0.294532 0.347653 0.344769 0.307744 0.345179 0.357551 0.187898 0.129407 0.0890377 0.0674909 0.0977261 0.0920454 0.0591776 0.0555298 0.0403273 0.0691702 0.00548044 0.0457443 
0.116777 0.0781315 0.0705709 0.0605704 0.0591338 0.0652223 0.0612521 0.0685394 0.0819376 0.0750829 0.0548473 0.0221253 0.129439 0.309154 0.195432 0.0355563 -0.0169112 -0.0415965 -0.0854303 -0.0251355 0.0410989 0.183221 0.259652 0.160811 0.109201 0.0829457 0.10022 0.104979 0.088007 0.0435874 0.0438373 0.0616762 
-0.0334639 -0.135273 -0.100024 -0.0490303 -0.02227 -0.0105472 -0.00672648 -0.00328967 -0.00347043 -0.0037689 0.00134446 -0.0141412 0.100702 -0.0136751 -0.14599 -0.149129 -0.0784892 -0.0385374 -0.0639957 -0.0515797 0.0615925 0.0214897 0.0514297 -0.036466 -0.0596636 -0.0552521 -0.0613811 -0.0761275 -0.0602163 -0.0366326 0.0207795 0.0358125 
0.0603166 0.00961886 0.0432571 0.0247435 -0.00186705 -0.00372556 -0.00232955 -0.00238458 0.00159662 0.00868929 0.00510907 0.0112383 -0.0257592 -0.0953002 -0.0651173 -0.0292436 -0.0108512 -0.0147683 -0.0511223 -0.0819021 -0.116787 -0.242044 -0.268389 -0.262006 -0.221458 -0.146364 -0.111761 -0.0903527 -0.0540764 -0.0562575 -0.0318193 0.0121888 
0.0507215 -0.0336821 -0.00836528 0.000365968 -0.00431347 -0.00362517 -0.00206385 0.0114552 0.0855816 0.234391 0.293977 0.356634 0.244249 0.0852214 0.017515 -0.0312308 -0.0448394 -0.0702609 -0.121469 -0.142015 -0.096229 -0.0297382 -0.0121561 -0.00152958 -0.0135068 0.0159571 0.0178041 0.0111009 0.00873467 -0.0545271 -0.0434861 0.0203605 
0.0356499 -0.0342879 -0.0139538 -0.0116089 -0.0169621 -0.0109473 -0.00236729 0.0275517 -0.0472231 -0.0779686 0.0774444 0.140309 0.0408789 -0.0366904 -0.0535162 -0.0608425 -0.0584222 -0.0683547 -0.0908902 -0.0741183 -0.0198788 0.0143977 0.0814295 0.0550787 0.0106476 0.00957734 -0.00343576 -0.00319406 -0.00411248 0.0406474 0.0905652 0.0835483 
0.0155413 -0.0371747 -0.0114178 -0.0074456 -0.00402846 -0.00879716 -0.0010444 0.0361145 -0.0372623 -0.117996 -0.113725 -0.213472 -0.265622 -0.271232 -0.218727 -0.116198 -0.0661638 -0.0486021 -0.0547379 -0.103028 -0.0311496 -0.000524643 0.0983329 0.031349 -0.0297573 -0.00675033 -0.00603 -0.00579371 -0.000518705 -0.0434328 -0.026023 0.00013938 
0.0739597 -0.0116833 -0.009613 -0.00703921 -0.00814351 -0.0113036 -0.0221775 -0.0348413 0.0235046 0.0749462 0.0397865 -0.0033556 -0.0531907 -0.127788 -0.166495 -0.0663573 -0.0315343 -0.0193437 -0.0101485 0.001611 0.0656867 0.0318915 0.00864745 -0.041167 -0.0688919 -0.0137004 -0.00955359 -0.0115646 -0.0094301 -0.0341153 -0.0127006 0.0201765 
0.0243275 -0.0320077 -0.00864184 -0.00411498 -0.00231548 0.00360354 -0.0170511 -0.0572077 0.0475177 -0.00269377 -0.0616481 -0.0378392 -0.0218114 0.123869 0.0860463 0.057598 0.0251474 -0.0104344 0.00109615 0.074917 0.0385615 0.0260646 0.0972301 0.0800005 -0.0167248 -0.00440608 -0.00517675 -0.00676646 -0.0136958 0.0268694 0.069464 0.0607309 
0.0179179 -0.0356521 -0.0110737 0.0376592 0.0970171 0.0649081 0.0146475 -0.0363223 0.0304154 -0.0402699 -0.0516028 -0.031688 -0.0364164 0.0961092 0.145213 0.0544213 0.0452432 -0.00271946 0.0819342 0.0902472 -0.0110142 -0.0229868 -0.0183869 -0.0237534 -0.0733822 -0.020789 -0.00843607 -0.0122536 -0.00513562 -0.0869212 -0.0906285 -0.0332579 
0.0811303 -0.0110008 -0.00705457 0.0240407 -0.0166592 -0.0711263 -0.0451532 -0.0421433 -0.0605338 -0.0431908 -0.0547554 -0.0472879 -0.0452242 -0.0201724 -0.0644718 -0.114885 -0.0493322 -0.0190786 0.0406859 0.0122395 -0.0420526 -0.0369493 -0.0991799 -0.0689769 -0.0646776 0.00157323 0.0257529 0.0218236 0.0162898 -0.0246733 -0.000239673 0.0381102 
0.0124387 -0.0514327 -0.0101027 -0.03521 -0.0640462 -0.019017 0.0408774 0.038202 0.0610343 0.101058 0.0317315 -0.0154957 -0.0150645 -0.0234971 -0.0374559 -0.0410598 -0.0328168 -0.0326092 -0.0364548 -0.071528 -0.0732364 -0.0427706 -0.0172702 0.0529791 0.0273258 0.0274697 0.0358859 0.0448855 0.0536867 0.0474444 0.0580601 0.0577491 
0.0188578 -0.0391885 -0.0177024 -0.0380748 0.0139964 6.44634e-05 -0.0795517 -0.0723192 0.0103515 0.000682835 0.0194459 -0.0138637 0.00906166 0.00766141 0.000270006 -0.0128977 -0.0175191 -0.0226453 -0.0254914 -0.0246559 -0.0207481 -0.0204002 0.043077 0.0620584 0.0284242 0.00744595 -0.00599699 -0.0302654 -0.0205495 -0.0172326 -0.0169161 0.0116799 
0.0742267 -0.00812717 -0.00575744 -0.0280397 0.000554848 -0.0167986 -0.0373028 0.0642318 0.0706628 -0.0135639 0.0147099 -0.0136445 -0.0143474 -0.015166 -0.0246701 -0.0288133 -0.0183557 -0.0247245 -0.0262813 -0.0186616 -0.0190169 -0.032347 -0.0253088 -0.0600912 -0.0383408 -0.00335898 0.00375872 -3.54173e-05 -0.00620899 -0.0411157 -0.00123306 0.0235259 
0.0395933 -0.026974 0.00050253 -0.0220519 0.00161121 0.00690252 0.000555535 0.0920818 0.0202105 -0.0128029 -0.018989 -0.0326894 -0.0374746 -0.0326511 -0.0261466 -0.0214493 -0.0202836 -0.0260367 -0.0271116 -0.0221271 -0.0317931 -0.0420377 -0.0241108 -0.0795445 -0.0665554 -0.0130207 -0.0438653 -0.0417846 -0.0592217 -0.0670045 0.00721337 0.0221896 
0.0430801 -0.0288897 -0.00463034 -0.0220474 -0.00428985 -0.00188151 -0.0026847 0.0415206 -0.0471449 -0.0253703 -0.0394593 -0.029808 -0.0271649 -0.0162126 -0.000367451 -0.00618594 -0.0164357 -0.0170385 -0.0167224 -0.0132447 -0.024632 -0.0511866 -0.0507165 -0.078825 -0.0962954 -0.00750324 -0.0320631 -0.0410961 -0.0410705 -0.0630138 -0.0260285 0.00554357 
0.0416516 -0.0401576 -0.0140375 -0.0222356 -0.00208216 -0.00220121 0.0350879 0.050317 -0.0149497 -0.00360889 -0.0284658 -0.018124 -0.00663659 -0.00230883 -0.0108316 -0.0231541 -0.0195669 -0.00860681 -0.0094179 -0.00257691 1.93985e-05 -0.0468788 -0.0373353 -0.0295362 -0.0671594 -0.0439848 0.0366814 0.018328 0.028322 -0.0372094 -0.0374565 0.015767 
0.04225 -0.0383003 -0.0146181 -0.0209038 -0.00303628 0.00963515 0.0538165 -0.00500898 -0.0315927 -0.020293 -0.0153961 0.00283401 0.0193099 0.00728335 -0.0114823 -0.0165225 -0.0119262 -0.00505273 -0.00423353 -0.00634983 -0.00717932 0.00919382 0.0434992 0.00295044 -0.00837343 -0.0542616 -0.0196765 0.00462234 -0.00656094 0.0481884 0.0806548 0.0799757 
0.0166889 -0.0322455 -0.00256857 -0.0223663 -0.0128999 0.0259429 0.0445653 -0.0349364 -0.0189963 -0.0228243 -0.0104371 -0.0048854 -0.00698013 -0.00747701 -0.000340785 0.00312697 -0.000134508 -0.00941411 -0.0165891 -0.0129358 -0.0142607 0.0383912 0.0699348 -0.0165043 -0.00709665 -0.0231075 -0.0574874 -0.0221246 -0.0376986 -0.0519301 -0.0134476 0.0096776 
0.0703457 -0.00772191 -0.0013225 -0.0229901 -0.0404954 0.0239178 0.016417 -0.0358897 -0.00698959 -0.0204678 -0.0112379 -0.0142531 -0.0282931 -0.0174632 -0.0114866 -0.00989063 -0.0134804 -0.0211884 -0.0231578 -0.0142157 -0.0263106 -0.00753141 -0.00148286 -0.0667539 -0.0265101 -0.00441493 -0.0330231 -0.057126 -0.0318939 -0.056711 -0.017517 0.0159342 
0.0359612 -0.0283179 -0.0123977 -0.0111277 -0.0127097 0.0315913 -0.0124463 -0.0237342 -0.0123182 -0.0223667 -0.0181317 -0.0206547 -0.0282344 -0.0247199 -0.0259719 -0.027709 -0.0226305 -0.0232012 -0.0164387 -0.0152472 -0.0315324 0.0362761 0.153508 0.0188849 -0.00760235 -0.00482163 -0.0102045 -0.00360346 0.0173673 0.0348698 0.0645714 0.061284 
0.00433972 -0.0442861 -0.0125114 -0.0102956 -0.00619152 -0.000812924 -0.0495688 -0.0221309 -0.021859 -0.0217146 -0.0197255 -0.0209725 -0.0322304 -0.0386536 -0.0341879 -0.0322299 -0.0286451 -0.0275926 -0.0209099 -0.0131045 -0.0209641 -0.00731436 0.154785 0.0721031 0.00538931 0.00322067 -0.00882177 -0.00832346 -0.00671531 -0.0705947 -0.073862 -0.0223215 
0.0827958 -0.00926203 -0.00466769 -0.00582857 -0.00440955 -0.0194052 -0.0479985 -0.00645126 -0.0235166 -0.0220987 -0.0183282 -0.0161386 -0.0187964 -0.0262444 -0.022739 -0.024347 -0.0248432 -0.0191468 -0.0137683 -0.00691968 -0.0158672 -0.0452281 0.0546258 0.132913 0.0436308 0.0329277 0.00927025 -0.00824072 -0.0100513 -0.0323075 -0.0134222 0.0273971 
0.0224173 -0.0361845 -0.00382775 -0.00229552 0.00265761 0.00826149 -0.00319717 0.0174962 -0.0209847 -0.0254676 -0.0263125 -0.0223639 -0.0206632 -0.0202884 -0.0143256 -0.0119063 -0.00721983 -0.0047953 0.000481484 -0.00999441 -0.0221511 -0.0265579 -0.0114322 0.127137 0.100867 0.0152758 0.0116423 0.00684878 0.0172093 0.0260491 0.0510702 0.0552963 
0.0220729 -0.0338317 -0.00473227 -0.00314532 -0.00105803 -0.0428361 -0.0435823 -0.00669064 -0.0200827 -0.0179188 -0.0247497 -0.0237598 -0.0213811 -0.0144445 -0.00694914 -0.00317469 -0.00152529 -0.00514827 -0.0127508 -0.0197085 -0.0281435 -0.0208942 -0.0332757 -0.0132999 0.0734056 0.0301477 0.0694251 0.18206 0.239827 0.161263 0.0394025 0.0149216 
0.0520577 -0.0300104 -0.0301675 -0.0307506 -0.0269717 -0.0443133 -0.0136999 0.0115855 -0.018288 -0.0231138 -0.0279608 -0.0267745 -0.0204334 -0.0170239 -0.0176603 -0.0177566 -0.0201972 -0.0238789 -0.0408742 -0.0483116 -0.038137 -0.0269866 -0.0204903 -0.0287688 0.0486149 0.150416 0.161965 0.204667 0.17928 0.0519632 -0.0134486 0.00536372 
0.107741 0.0662516 0.101547 0.0700905 0.0760344 0.0793837 0.024239 0.00356425 -0.0343193 -0.0255216 -0.00796822 -0.0326372 -0.0474944 -0.025705 -0.0412421 -0.049757 -0.0469852 -0.0340931 -0.0221392 -0.0388084 -0.0667353 -0.0556296 -0.0762741 -0.120519 -0.115122 -0.0227071 -0.0282206 -0.0818761 -0.131023 -0.130129 -0.0586018 -0.00873339 
0.144542 0.134125 0.198316 0.18181 0.121089 -0.00201924 -0.151564 -0.140451 -0.117268 -0.11172 -0.0890886 -0.0933689 -0.160949 -0.15883 -0.19486 -0.178291 -0.13861 -0.142516 -0.117297 -0.119555 -0.212529 -0.256985 -0.311577 -0.331716 -0.319621 -0.345029 -0.354941 -0.36073 -0.378486 -0.291793 -0.141314 -0.0495384 
0.0333849 -0.142052 -0.237311 -0.192897 -0.160105 -0.199146 -0.0839068 -0.03372 -0.0153342 -0.0539171 -0.118716 -0.0792935 -0.0242417 -0.0597289 -0.00862204 -0.0146712 -0.0115426 -0.0370451 -0.102775 -0.0903095 -0.016465 -0.0268504 0.0267287 0.0508293 0.0562197 0.0520251 -0.0215021 -0.0579059 0.018982 0.0329433 0.0608327 0.0322602 
0.217203 0.130176 0.164171 0.161668 0.165775 0.171221 0.235716 0.19657 0.18553 0.189774 0.211501 0.216811 0.219927 0.20704 0.252181 0.2124 0.183141 0.195659 0.207329 0.220507 0.220909 0.210061 0.256445 0.240426 0.208027 0.22194 0.227276 0.240696 0.236991 0.228117 0.194734 0.107786 
-0.625609 -0.639925 -0.534988 -0.514912 -0.509337 -0.522919 -0.536038 -0.546317 -0.540485 -0.532497 -0.529031 -0.527964 -0.523214 -0.532226 -0.539781 -0.546048 -0.540843 -0.529693 -0.529831 -0.525833 -0.522764 -0.533024 -0.544564 -0.549078 -0.549408 -0.53839 -0.537201 -0.533256 -0.531711 -0.537385 -0.550721 -0.21284 

First Channel output values activation layer: 
Output Height: 32
Output Width: 32
Number of Channels: 3
0 0.0529652 0 0 0 0 0 0 0 0 0 0 0 0 0 0 0 0 0 0 0 0 0 0 0 0 0 0 0 0 0 0.0520641 
0 0 0 0 0 0.251301 0 0 0 0 0.0300424 0 0 0 0 0 0 0 0 0 0 0 0 0 0.111726 0 0 0 0 0 0 0 
0 0.070409 0 0 0 0 0 0 0 0 0.0498403 0 0 0 0 0 0 0 0 0 0 0 0 0 0 0 0 0 0 0 0 0.0192099 
0 0 0 0 0 0.235196 0 0 0 0 0 0 0 0.0313614 0 0 0 0 0 0 0 0 0 0 0.133438 0 0 0 0 0 0 0 
0 0.0538058 0 0 0 0 0 0 0 0 0.0599442 0 0 0 0 0 0 0 0 0 0 0 0 0.0354267 0 0 0 0 0 0 0 0 
0 0 0 0.0281221 0 0.180402 0 0 0 0 0 0 0 0.0118778 0 0 0 0 0 0 0 0 0 0 0.136524 0 0 0 0 0 0 0 
0 0.0573883 0 0 0 0 0 0 0 0 0.0740205 0 0 0 0 0 0 0 0 0 0 0 0 0 0 0 0 0 0 0 0 0.0207093 
0 0 0 0 0 0.231103 0 0 0 0 0 0 0 0.00303874 0 0 0 0 0 0 0 0 0 0 0.122183 0 0 0 0 0 0 0 
0 0.0607623 0 0 0 0 0 0 0 0 0.0342144 0 0 0 0 0 0 0 0 0 0 0 0 0 0 0 0 0 0 0 0 0.0173492 
0 0 0 0 0 0.229084 0 0 0 0 0 0 0 0.0199581 0 0.0801248 0 0.0840347 0 0 0 0 0 0 0.162801 0 0 0 0 0 0 0 
0 0 0 0 0 0 0 0 0 0.0556308 0 0 0 0 0 0.0106894 0 0 0 0 0 0 0 0.0973883 0 0 0 0 0 0 0 0 
0.0367521 0 0 0 0 0.0527057 0 0 0 0 0 0 0 0.0315916 0 0 0.0417873 0.0781274 0 0 0 0 0 0 0.342171 0 0 0 0 0 0 0 
0 0 0 0 0 0 0 0 0 0 0.0175855 0 0 0 0 0 0 0 0 0 0 0 0 0.062412 0 0 0 0 0 0 0 0 
0.0320207 0 0 0 0 0.0768686 0 0 0 0 0 0 0 0.0409768 0 0 0.0631047 0.131598 0 0 0 0 0 0 0.307878 0 0 0 0 0 0 0 
0 0.0156915 0 0 0 0 0 0 0 0 0.073755 0 0 0 0 0 0 0 0 0 0 0 0 0 0 0 0 0 0 0 0 0.0166808 
0 0 0 0 0 0.192834 0 0 0 0 0 0 0 0.00696422 0 0.0480692 0 0.0374082 0 0 0 0 0 0 0.158837 0 0 0 0 0 0 0 
0 0.0338226 0 0 0 0 0 0 0 0 0.01037 0 0 0 0 0 0 0 0 0 0 0 0 0 0 0 0 0 0 0 0 0.0137766 
0 0 0 0 0 0.210687 0 0 0 0 0 0 0 0.0152136 0 0.00101618 0 0.0425524 0 0 0 0 0 0 0.166711 0 0 0 0 0 0 0 
0 0.0439649 0 0 0 0 0 0 0 0 0.0317036 0 0 0 0 0 0 0 0 0 0 0 0 0 0 0 0 0 0 0 0 0.0245134 
0 0 0 0 0 0.228963 0 0 0 0 0 0 0 0.0283916 0 0 0 0 0 0 0 0 0 0 0.15171 0 0 0 0 0 0 0 
0 0.0034016 0 0 0 0 0 0 0 0.0509638 0.0323998 0 0 0 0 0 0 0 0 0 0 0 0 0 0 0.0218711 0 0 0 0.00514128 0 0.0030506 
0.0146847 0 0 0 0 0.239388 0 0 0 0 0.0319495 0 0 0 0 0 0 0 0 0 0 0.0698459 0.092004 0 0 0 0 0 0 0 0 0 
0.0474428 0 0 0 0 0 0 0.228294 0.16984 0.0552494 0.173678 0.218407 0 0 0.0692767 0 0 0 0 0 0 0.0973037 0 0 0 0 0.0713227 0.124604 0 0 0 0 
0 0 0 0 0.103811 0 0.454094 0 0 0 0 0.129234 0 0 0 0 0 0 0 0 0 0 0.247598 0 0 0 0 0 0 0 0 0 
0.0133434 0 0 0 0 0 0 0.277223 0.173284 0.0433564 0.0301525 0.252319 0 0 0.108251 0 0 0 0 0 0 0.220956 0 0 0 0 0.0854891 0.102899 0 0 0 0 
0 0 0 0 0.0550753 0 0.466508 0.0157502 0 0 0 0.100469 0 0 0 0.0563455 0 0.0737293 0 0 0 0 0.217778 0 0 0 0 0 0 0 0 0 
0 0 0 0 0 0 0 0.24128 0.131138 0 0 0.262996 0 0 0.129624 0 0 0 0 0 0 0.263224 0 0 0 0 0.0763341 0.128333 0 0 0 0 
0 0 0 0 0.100839 0 0.514064 0.00286333 0 0 0 0.152814 0 0 0 0.0190763 0 0.025288 0 0 0 0 0.253637 0 0 0 0 0 0 0 0 0 
0.0265246 0 0 0 0 0 0 0.286242 0.193654 0.0622693 0.0173959 0.248852 0 0 0.114931 0 0 0 0 0 0 0.257959 0 0 0 0 0.0974364 0.122978 0 0 0 0 
0 0 0 0.00801008 0.074219 0 0.473798 0 0 0 0 0.0801779 0 0 0 0 0 0 0 0 0 0 0.219705 0 0 0 0 0 0 0 0 0 
0.149549 0 0 0 0 0 0 0.211687 0.243649 0.139722 0.085553 0.133064 0 0 0.0197197 0.0376074 0 0 0 0 0 0.177751 0 0.223355 0 0 0.0936946 0.110214 0 0 0 0 
0 0 0 0.384169 0 0 0.120821 0 0 0 0 0 0 0 0 0 0 0 0 0.167913 0.198719 0 0 0 0.131068 0 0 0 0 0 0 0 

First Channel output values max_pooling2d layer: 
Output Height: 16
Output Width: 16
Number of Channels: 64
0.0495863 0.0798789 0.0133434 0 0.0197502 0.0339383 0.149549 0.347653 0.344769 0.357551 0.187898 0.0890377 0.0977261 0.0591776 0.0691702 0.0457443 
0.116777 0.0705709 0.0652223 0.0685394 0.0819376 0.0548473 0.309154 0.195432 0 0 0.183221 0.259652 0.109201 0.104979 0.088007 0.0616762 
0.0603166 0.0432571 0 0.0114552 0.234391 0.356634 0.244249 0.017515 0 0 0 0 0.0159571 0.0178041 0.00873467 0.0203605 
0.0356499 0 0 0.0361145 0 0.140309 0.0408789 0 0 0 0.0143977 0.0983329 0.0106476 0 0.0406474 0.0905652 
0.0739597 0 0.00360354 0 0.0749462 0.0397865 0.123869 0.0860463 0.0251474 0.074917 0.0656867 0.0972301 0 0 0.0268694 0.069464 
0.0811303 0.0376592 0.0970171 0.0146475 0.0304154 0 0.0961092 0.145213 0.0452432 0.0902472 0 0 0.00157323 0.0257529 0.0162898 0.0381102 
0.0188578 0 0.0139964 0.0408774 0.101058 0.0317315 0.00906166 0.000270006 0 0 0 0.0620584 0.0284242 0.0448855 0.0536867 0.0580601 
0.0742267 0.00050253 0.00690252 0.0920818 0.0706628 0.0147099 0 0 0 0 0 0 0 0.00375872 0 0.0235259 
0.0430801 0 0 0.050317 0 0 0 0 0 0 1.93985e-05 0 0 0.0366814 0.028322 0.015767 
0.04225 0 0.0259429 0.0538165 0 0.00283401 0.0193099 0.00312697 0 0 0.0383912 0.0699348 0 0.00462234 0.0481884 0.0806548 
0.0703457 0 0.0315913 0.016417 0 0 0 0 0 0 0.0362761 0.153508 0 0 0.0348698 0.0645714 
0.0827958 0 0 0 0 0 0 0 0 0 0 0.154785 0.0436308 0.00927025 0 0.0273971 
0.0224173 0 0.00826149 0.0174962 0 0 0 0 0 0.000481484 0 0.127137 0.100867 0.18206 0.239827 0.0552963 
0.107741 0.101547 0.0793837 0.024239 0 0 0 0 0 0 0 0 0.150416 0.204667 0.17928 0.00536372 
0.144542 0.198316 0.121089 0 0 0 0 0 0 0 0 0.0508293 0.0562197 0 0.0329433 0.0608327 
0.217203 0.164171 0.171221 0.235716 0.189774 0.216811 0.219927 0.252181 0.195659 0.220507 0.220909 0.256445 0.22194 0.240696 0.236991 0.194734 

First Channel output values conv2d_1 layer: 
Output Height: 16
Output Width: 16
Number of Channels: 128
-1.31953 -1.36132 -1.19937 -1.23663 -1.22893 -1.74612 -2.63117 -2.64734 -1.80347 -2.24816 -2.54339 -2.1919 -1.37264 -1.36597 -1.58453 -1.71343 
-0.85128 -0.366177 0.00795187 -0.126436 -0.491534 -1.61324 -2.62527 -2.45058 -1.26064 -1.28561 -2.37333 -2.5417 -1.36763 -0.957092 -0.895855 -1.18219 
-0.984204 -0.544682 -0.226713 -0.596026 -1.48111 -2.52223 -2.93689 -1.94228 -0.670229 -0.691074 -1.57219 -2.28066 -1.69345 -1.15095 -1.12314 -1.26733 
-0.947429 -0.46941 -0.431693 -1.11769 -2.17257 -2.59363 -3.25276 -2.45505 -1.29082 -1.37469 -1.96809 -2.03176 -1.49234 -0.864406 -1.0129 -1.33809 
-1.12468 -0.796096 -0.661239 -1.06468 -1.99237 -1.57367 -1.85166 -2.47224 -1.80145 -1.58504 -2.00685 -2.15824 -2.07542 -1.31793 -1.21163 -1.55837 
-1.33244 -1.07557 -0.97751 -1.34173 -1.95943 -1.22443 -0.129734 -1.23208 -0.878259 -0.724134 -1.5695 -1.84456 -2.31659 -1.44396 -1.15127 -1.42892 
-1.29385 -0.957161 -0.991654 -1.87353 -2.44005 -1.05424 0.357252 -0.0177299 -0.0211478 -0.0808199 -0.983696 -1.34038 -1.93919 -1.27892 -1.0908 -1.24046 
-1.12957 -0.864992 -1.23195 -2.02892 -2.435 -0.859814 -0.0514143 0.0998225 0.0914331 -0.131232 -0.709417 -1.4424 -1.86822 -1.41061 -1.21805 -1.28834 
-1.06443 -0.79441 -1.43676 -2.25751 -2.03097 -0.409257 -0.0318858 0.0917424 0.0985597 -0.0706826 -0.760589 -1.78718 -1.86767 -1.62452 -1.47251 -1.32367 
-1.03806 -0.811153 -1.41492 -2.3074 -1.44764 -0.131357 -0.0145315 0.0194324 0.0820034 -0.0400295 -0.675868 -1.82136 -1.5306 -1.15748 -1.53036 -1.42814 
-0.981898 -0.918359 -1.33307 -2.09261 -0.800011 0.0483151 0.0499361 0.0253609 0.0280456 -0.0720703 -0.487519 -2.40469 -1.89874 -1.0039 -1.2392 -1.46157 
-0.997423 -1.03028 -1.35004 -1.80384 -0.413276 0.0851593 0.0962741 0.100675 0.040863 -0.0811307 -0.0187993 -2.3547 -3.2124 -1.97688 -1.47489 -1.38186 
-1.12749 -1.14848 -1.60675 -1.68503 -0.211094 0.0935191 0.0977945 0.102464 0.0639136 -0.101135 0.181198 -0.645375 -3.27733 -3.1903 -2.46635 -1.67339 
-1.46639 -1.56368 -1.84474 -1.66476 -0.381548 -0.261703 -0.400931 -0.413323 -0.287804 -0.450833 -0.623951 -0.428062 -1.75033 -2.91471 -2.66402 -2.12589 
-1.80775 -1.88164 -2.07836 -1.62813 -0.706116 -0.672982 -0.884219 -0.93199 -0.757253 -0.748476 -0.96564 -0.869177 -0.647622 -1.27816 -1.29382 -1.52028 
-1.25866 -0.919169 -1.03989 -0.991998 -0.551066 -0.429945 -0.614829 -0.71409 -0.577474 -0.427561 -0.507257 -0.448679 -0.269545 -0.269551 -0.235861 -0.639191 

First Channel output values activation_1 layer: 
Output Height: 16
Output Width: 16
Number of Channels: 64
0 0 0 0 0 0 0 0 0 0 0 0 0 0 0 0 
0 0 0 0 0 0 0 0 0 0 0 0 0 0 0 0 
0 0 0 0 0.00795187 0 0 0 0 0 0 0 0 0 0 0 
0 0 0 0 0 0 0 0 0 0 0 0 0 0 0 0 
0 0 0 0 0 0 0 0 0 0 0 0 0 0 0 0 
0 0 0 0 0 0 0 0 0 0 0 0 0 0 0 0 
0 0 0 0 0 0 0 0 0 0 0 0 0 0 0 0 
0 0 0 0 0 0 0 0 0 0 0 0 0 0 0 0 
0 0 0 0 0 0 0 0 0 0 0 0 0 0 0 0 
0 0 0 0 0 0 0 0 0 0 0 0 0 0 0 0 
0 0 0 0 0 0 0 0 0 0 0 0 0 0 0 0 
0 0 0 0 0 0 0 0 0 0 0 0 0 0 0 0 
0 0 0 0 0 0 0 0 0 0 0 0 0.357252 0 0 0 
0 0 0 0 0 0 0 0 0 0 0 0 0 0 0 0 
0 0 0 0 0 0 0 0 0 0 0 0 0 0 0.0998225 0 
0.0914331 0 0 0 0 0 0 0 0 0 0 0 0 0 0 0 

First Channel output values max_pooling2d_1 layer: 
Output Height: 8
Output Width: 8
Number of Channels: 128
0 0.00795187 0 0 0 0 0 0 
0 0 0 0 0 0 0 0 
0 0 0 0 0 0 0 0 
0 0 0 0.357252 0.0914331 0 0 0 
0 0 0 0.0917424 0.0985597 0 0 0 
0 0 0.0851593 0.100675 0.040863 0 0 0 
0 0 0.0935191 0.102464 0.0639136 0.181198 0 0 
0 0 0 0 0 0 0 0 

First Channel output values conv2d_2 layer: 
Output Height: 8
Output Width: 8
Number of Channels: 128
-0.0769441 0.784317 -0.335642 -1.22559 -0.771703 -0.911768 0.052125 0.421099 
-0.712807 -0.0403128 -1.58805 -1.55904 0.370515 -2.04908 -1.84092 -0.0708214 
-1.81862 -1.99812 -1.72437 -2.25578 -1.6611 -3.52409 -3.74838 -1.57619 
-1.77909 -2.63884 -1.58498 -1.00702 0.109945 -3.08088 -3.30763 -1.80324 
-2.11033 -3.40689 -1.48045 -0.789352 -1.07394 -4.56836 -2.36469 -0.32238 
-2.51382 -3.59279 -1.34541 -0.993482 -1.48507 -5.84252 -4.58685 -0.865973 
-2.78849 -3.66921 -2.0913 -1.42191 -0.26082 -3.18569 -4.48807 -2.64178 
-1.36382 -1.3725 -1.21478 -0.886384 -0.0719507 -0.445145 -1.04456 -0.316975 

First Channel output values activation_2 layer: 
Output Height: 8
Output Width: 8
Number of Channels: 128
0 0.784317 0 0 0 0 0.052125 0.421099 
0 0 0 0 0.370515 0 0 0 
0 0 0 0 0 0 0 0 
0 0 0 0 0.109945 0 0 0 
0 0 0 0 0 0 0 0 
0 0 0 0 0 0 0 0 
0 0 0 0 0 0 0 0 
0 0 0 0 0 0 0 0 

First Channel output values "dense" layer: 
0 0 0 0 0 0 0 0 0 0 
First Channel output values "dense_1" layer: 
0.000783734 7.62117e-05 0.00594882 0.0404033 1.01953e-05 0.900702 9.55474e-05 0.0105833 0.00254798 0.0388485 
