conv2d - First channel output:
[[-104.63882   -148.35147   -146.03482   ... -114.8774     -97.423355
   -55.98679  ]
 [  14.397232    13.850649    22.121826  ...   19.391113     3.1502345
    13.417508 ]
 [  31.53083     21.676256    19.748293  ...   12.867525    12.931249
    17.480145 ]
 ...
 [  10.2658825  -34.47061    -58.76153   ...   10.153248    17.265049
     9.97908  ]
 [  57.139523    34.947678    43.616306  ...   59.92254     51.409832
    29.238115 ]
 [-157.77757   -161.42824   -134.66908   ... -135.28047   -138.68102
   -52.521572 ]]

activation - First channel output:
[[ 0.         0.         0.        ...  0.         0.         0.       ]
 [14.397232  13.850649  22.121826  ... 19.391113   3.1502345 13.417508 ]
 [31.53083   21.676256  19.748293  ... 12.867525  12.931249  17.480145 ]
 ...
 [10.2658825  0.         0.        ... 10.153248  17.265049   9.97908  ]
 [57.139523  34.947678  43.616306  ... 59.92254   51.409832  29.238115 ]
 [ 0.         0.         0.        ...  0.         0.         0.       ]]

max_pooling2d - First channel output:
[[1.43972321e+01 2.21218262e+01 5.15529156e+00 0.00000000e+00
  6.78901482e+00 1.04069881e+01 3.98877563e+01 9.04043655e+01
  8.96687012e+01 9.29281158e+01 4.96667786e+01 2.44573421e+01
  2.66728897e+01 1.68430061e+01 1.93911133e+01 1.34175081e+01]
 [3.15308304e+01 1.97482929e+01 1.83844147e+01 1.92302876e+01
  2.26468143e+01 1.57387838e+01 8.05869370e+01 5.15879707e+01
  0.00000000e+00 0.00000000e+00 4.84740829e+01 6.79640121e+01
  2.95989838e+01 2.85223160e+01 2.41945114e+01 1.74801445e+01]
 [1.71334686e+01 1.27832928e+01 1.27662754e+00 4.67380857e+00
  6.15223427e+01 9.26945038e+01 6.40363312e+01 6.21907139e+00
  0.00000000e+00 0.00000000e+00 0.00000000e+00 1.36267960e+00
  5.82179546e+00 6.29276037e+00 3.98006606e+00 6.94465208e+00]
 [1.08434486e+01 0.00000000e+00 7.25466788e-01 1.09619284e+01
  0.00000000e+00 3.75316582e+01 1.21768484e+01 0.00000000e+00
  0.00000000e+00 0.00000000e+00 5.42413855e+00 2.68276253e+01
  4.46786404e+00 9.38237488e-01 1.21178160e+01 2.48468437e+01]
 [2.06124554e+01 7.03404725e-01 2.67163134e+00 0.00000000e+00
  2.08640156e+01 1.18982801e+01 3.33392296e+01 2.36945400e+01
  8.16532135e+00 2.08565636e+01 1.85028458e+01 2.65463982e+01
  6.29175484e-01 4.32656825e-01 8.60443306e+00 1.94660378e+01]
 [2.24409447e+01 1.13558168e+01 2.64920902e+01 5.48784685e+00
  9.50866032e+00 0.00000000e+00 2.62605801e+01 3.87819519e+01
  1.32897367e+01 2.47657509e+01 0.00000000e+00 0.00000000e+00
  2.15390038e+00 8.31970978e+00 5.90661478e+00 1.14708328e+01]
 [6.56147146e+00 0.00000000e+00 5.32179117e+00 1.21764717e+01
  2.75223961e+01 9.84425735e+00 4.06345606e+00 1.82156682e+00
  0.00000000e+00 0.00000000e+00 0.00000000e+00 1.75776272e+01
  9.00087643e+00 1.31985397e+01 1.54428406e+01 1.65580578e+01]
 [2.06805248e+01 1.88086951e+00 3.51286840e+00 2.52335968e+01
  1.97717476e+01 5.50377798e+00 0.00000000e+00 0.00000000e+00
  0.00000000e+00 0.00000000e+00 0.00000000e+00 0.00000000e+00
  8.96176398e-01 2.71119475e+00 1.69434130e-01 7.75182581e+00]
 [1.27381573e+01 5.71987092e-01 1.27294207e+00 1.45835667e+01
  8.32471192e-01 0.00000000e+00 1.16396165e+00 1.65901661e+00
  0.00000000e+00 1.09560752e+00 1.75768757e+00 0.00000000e+00
  0.00000000e+00 1.11064777e+01 8.97482681e+00 5.77330542e+00]
 [1.25264730e+01 1.09773827e+00 8.36816025e+00 1.54759197e+01
  0.00000000e+00 2.47539067e+00 6.67676306e+00 2.55009604e+00
  1.71840668e+00 6.73166335e-01 1.15424576e+01 1.95861111e+01
  0.00000000e+00 2.93141532e+00 1.40407505e+01 2.23196926e+01]
 [1.96908836e+01 1.41548538e+00 9.80849648e+00 5.93908024e+00
  0.00000000e+00 0.00000000e+00 0.00000000e+00 0.00000000e+00
  0.00000000e+00 0.00000000e+00 1.10031052e+01 4.08973961e+01
  6.26917541e-01 8.33841741e-01 1.06445293e+01 1.82184181e+01]
 [2.28656597e+01 5.62462389e-01 1.54543614e+00 1.07626498e-01
  0.00000000e+00 0.00000000e+00 0.00000000e+00 0.00000000e+00
  0.00000000e+00 0.00000000e+00 0.00000000e+00 4.12230148e+01
  1.28785734e+01 4.11663818e+00 4.03204523e-02 8.73897552e+00]
 [7.46913099e+00 1.16736746e+00 3.85940528e+00 6.21424961e+00
  0.00000000e+00 0.00000000e+00 0.00000000e+00 9.43191111e-01
  1.36375070e+00 1.87551141e+00 0.00000000e+00 3.41726799e+01
  2.74737835e+01 4.81780624e+01 6.29086151e+01 1.58532896e+01]
 [2.92267456e+01 2.76472359e+01 2.19955578e+01 7.93367243e+00
  0.00000000e+00 0.00000000e+00 0.00000000e+00 0.00000000e+00
  0.00000000e+00 0.00000000e+00 0.00000000e+00 0.00000000e+00
  4.01088219e+01 5.39429092e+01 4.74690247e+01 3.12046647e+00]
 [3.86110229e+01 5.23234329e+01 3.26303444e+01 0.00000000e+00
  0.00000000e+00 0.00000000e+00 0.00000000e+00 0.00000000e+00
  0.00000000e+00 0.00000000e+00 0.00000000e+00 1.47141914e+01
  1.60887470e+01 0.00000000e+00 1.01532478e+01 1.72650490e+01]
 [5.71395226e+01 4.36163063e+01 4.54140015e+01 6.18603287e+01
  5.01452141e+01 5.70394897e+01 5.78340454e+01 6.60589752e+01
  5.16457672e+01 5.79818954e+01 5.80845451e+01 6.71462708e+01
  5.83474350e+01 6.31302223e+01 6.21853638e+01 5.14098320e+01]]

conv2d_1 - First channel output:
[[-353.3551   -334.50723  -289.19852  -297.29526  -295.69687  -433.31393
  -670.34436  -689.29694  -477.97272  -611.8933   -669.9752   -579.54663
  -343.775    -343.04932  -421.24377  -454.7298  ]
 [-241.618     -97.896645   12.812117  -32.240368 -135.24132  -430.95844
  -705.45874  -670.6751   -366.5843   -387.8416   -653.2489   -693.9787
  -368.98026  -247.34267  -276.13306  -337.85968 ]
 [-263.8579   -131.60907   -35.6029   -142.26448  -391.2087   -671.8701
  -799.4401   -544.98517  -209.50076  -229.74582  -462.2121   -619.29016
  -463.11694  -293.9414   -336.99698  -355.05283 ]
 [-250.92944  -101.77017   -78.50344  -287.15063  -561.0438   -695.6174
  -883.95074  -685.19507  -367.16104  -391.0652   -570.621    -545.177
  -414.5229   -220.76062  -305.8503   -374.02905 ]
 [-293.43933  -198.45694  -157.17787  -289.9526   -528.094    -442.261
  -522.59973  -701.06665  -510.92166  -436.94537  -580.1218   -572.73553
  -553.2286   -330.54495  -353.92294  -432.38486 ]
 [-348.54633  -289.3522   -244.3472   -361.23822  -530.3503   -358.69644
   -78.62902  -376.8939   -283.73734  -231.42744  -468.1396   -487.51144
  -618.475    -375.34998  -348.42865  -400.47342 ]
 [-340.46722  -276.56927  -245.91072  -484.9851   -633.19867  -298.64526
    39.690746  -54.334824  -59.26604   -73.56948  -316.58893  -357.45685
  -517.92334  -334.53738  -333.92065  -350.12738 ]
 [-301.17828  -255.18275  -310.20013  -534.5364   -639.72876  -237.04341
   -61.041954  -23.984062  -28.993128  -90.45052  -245.82097  -385.396
  -495.5963   -353.05313  -357.9135   -356.1159  ]
 [-284.22324  -229.23656  -359.8152   -605.7283   -555.0463   -128.65111
   -52.79412   -26.432571  -25.651306  -72.93707  -259.03732  -478.9652
  -500.571    -408.08276  -426.04102  -371.42004 ]
 [-275.18692  -218.94923  -351.3969   -610.9297   -404.76846   -67.53226
   -47.73714   -41.84965   -28.173994  -64.42213  -228.66138  -494.44788
  -435.20895  -304.49103  -441.9536   -402.48846 ]
 [-260.08362  -232.41699  -339.01526  -546.2597   -224.8483    -29.572477
   -35.148064  -42.11993   -41.59196   -73.084755 -184.58258  -637.50824
  -526.01886  -271.54956  -363.3226   -407.63803 ]
 [-264.39645  -252.28804  -359.10583  -480.0421   -124.314835  -23.91935
   -25.642841  -25.356564  -39.58259   -76.68958   -67.64849  -633.8989
  -855.6068   -535.7783   -435.44824  -393.54977 ]
 [-304.4128   -287.43372  -429.2352   -454.90472   -76.02458   -26.160515
   -25.73545   -25.191793  -35.146824  -82.86257   -23.451412 -217.70697
  -871.5062   -862.10333  -693.8658   -476.5159  ]
 [-399.22382  -417.34402  -507.5199   -459.766    -122.60337  -113.28571
  -146.79544  -148.67834  -118.64945  -165.49292  -212.64764  -156.09192
  -480.748    -792.626    -738.5083   -588.5398  ]
 [-503.2119   -505.0102   -584.4891   -469.95477  -220.73087  -216.33316
  -272.65457  -288.8529   -241.6753   -236.40585  -295.7731   -276.70642
  -213.63391  -375.79208  -390.2644   -428.66138 ]
 [-364.01147  -258.7553   -298.64404  -297.72983  -181.63072  -143.36754
  -193.1148   -223.87445  -187.57104  -143.77638  -168.974    -160.9201
  -120.32513  -113.13384  -103.76138  -196.9748  ]]

activation_1 - First channel output:
[[ 0.        0.        0.        0.        0.        0.        0.
   0.        0.        0.        0.        0.        0.        0.
   0.        0.      ]
 [ 0.        0.       12.812117  0.        0.        0.        0.
   0.        0.        0.        0.        0.        0.        0.
   0.        0.      ]
 [ 0.        0.        0.        0.        0.        0.        0.
   0.        0.        0.        0.        0.        0.        0.
   0.        0.      ]
 [ 0.        0.        0.        0.        0.        0.        0.
   0.        0.        0.        0.        0.        0.        0.
   0.        0.      ]
 [ 0.        0.        0.        0.        0.        0.        0.
   0.        0.        0.        0.        0.        0.        0.
   0.        0.      ]
 [ 0.        0.        0.        0.        0.        0.        0.
   0.        0.        0.        0.        0.        0.        0.
   0.        0.      ]
 [ 0.        0.        0.        0.        0.        0.       39.690746
   0.        0.        0.        0.        0.        0.        0.
   0.        0.      ]
 [ 0.        0.        0.        0.        0.        0.        0.
   0.        0.        0.        0.        0.        0.        0.
   0.        0.      ]
 [ 0.        0.        0.        0.        0.        0.        0.
   0.        0.        0.        0.        0.        0.        0.
   0.        0.      ]
 [ 0.        0.        0.        0.        0.        0.        0.
   0.        0.        0.        0.        0.        0.        0.
   0.        0.      ]
 [ 0.        0.        0.        0.        0.        0.        0.
   0.        0.        0.        0.        0.        0.        0.
   0.        0.      ]
 [ 0.        0.        0.        0.        0.        0.        0.
   0.        0.        0.        0.        0.        0.        0.
   0.        0.      ]
 [ 0.        0.        0.        0.        0.        0.        0.
   0.        0.        0.        0.        0.        0.        0.
   0.        0.      ]
 [ 0.        0.        0.        0.        0.        0.        0.
   0.        0.        0.        0.        0.        0.        0.
   0.        0.      ]
 [ 0.        0.        0.        0.        0.        0.        0.
   0.        0.        0.        0.        0.        0.        0.
   0.        0.      ]
 [ 0.        0.        0.        0.        0.        0.        0.
   0.        0.        0.        0.        0.        0.        0.
   0.        0.      ]]

max_pooling2d_1 - First channel output:
[[ 0.       12.812117  0.        0.        0.        0.        0.
   0.      ]
 [ 0.        0.        0.        0.        0.        0.        0.
   0.      ]
 [ 0.        0.        0.        0.        0.        0.        0.
   0.      ]
 [ 0.        0.        0.       39.690746  0.        0.        0.
   0.      ]
 [ 0.        0.        0.        0.        0.        0.        0.
   0.      ]
 [ 0.        0.        0.        0.        0.        0.        0.
   0.      ]
 [ 0.        0.        0.        0.        0.        0.        0.
   0.      ]
 [ 0.        0.        0.        0.        0.        0.        0.
   0.      ]]

conv2d_2 - First channel output:
[[ -135.69469       4.9525356  -254.93755    -418.17593    -380.21622
   -370.04086    -122.72581      94.99359  ]
 [ -358.2543     -211.24788    -634.6208     -689.3542     -244.6094
   -671.18677    -505.24646      86.098434 ]
 [ -477.99698    -547.94586    -569.49       -603.49066    -474.097
  -1009.0771     -947.59924    -349.372    ]
 [ -409.35748    -666.73517    -532.396      -296.31955    -116.22379
   -917.7954     -839.4802     -440.0435   ]
 [ -538.66907    -818.56256    -601.13916    -207.96487    -411.12622
  -1223.4126     -612.7651       20.291021 ]
 [ -707.58966    -896.4029     -625.31476    -231.4939     -452.6957
  -1588.3943    -1200.3535     -186.5694   ]
 [ -685.68677    -878.88086    -653.5109     -420.47485    -208.7729
   -901.8273    -1161.901      -731.41235  ]
 [ -402.3805     -420.03607    -376.2668     -295.56268    -135.9504
   -195.79787    -240.61705    -196.47937  ]]

activation_2 - First channel output:
[[ 0.         4.9525356  0.         0.         0.         0.
   0.        94.99359  ]
 [ 0.         0.         0.         0.         0.         0.
   0.        86.098434 ]
 [ 0.         0.         0.         0.         0.         0.
   0.         0.       ]
 [ 0.         0.         0.         0.         0.         0.
   0.         0.       ]
 [ 0.         0.         0.         0.         0.         0.
   0.        20.291021 ]
 [ 0.         0.         0.         0.         0.         0.
   0.         0.       ]
 [ 0.         0.         0.         0.         0.         0.
   0.         0.       ]
 [ 0.         0.         0.         0.         0.         0.
   0.         0.       ]]

flatten - Output (no channels):
[[0. 0. 0. ... 0. 0. 0.]]

dense - Output (no channels):
[[0.0000000e+00 2.4483675e+02 0.0000000e+00 0.0000000e+00 0.0000000e+00
  0.0000000e+00 0.0000000e+00 0.0000000e+00 0.0000000e+00 0.0000000e+00
  0.0000000e+00 0.0000000e+00 0.0000000e+00 0.0000000e+00 0.0000000e+00
  0.0000000e+00 0.0000000e+00 0.0000000e+00 0.0000000e+00 0.0000000e+00
  0.0000000e+00 0.0000000e+00 0.0000000e+00 1.4239566e+02 0.0000000e+00
  0.0000000e+00 2.0843992e+00 0.0000000e+00 0.0000000e+00 0.0000000e+00
  3.2385403e+02 0.0000000e+00 1.5671194e+02 0.0000000e+00 2.5052496e+01
  0.0000000e+00 0.0000000e+00 0.0000000e+00 0.0000000e+00 0.0000000e+00
  0.0000000e+00 2.1331909e+02 0.0000000e+00 0.0000000e+00 0.0000000e+00
  0.0000000e+00 0.0000000e+00 7.3908118e+02 0.0000000e+00 0.0000000e+00
  7.7740375e+02 0.0000000e+00 0.0000000e+00 0.0000000e+00 2.1751003e+02
  0.0000000e+00 3.6740360e+00 0.0000000e+00 0.0000000e+00 1.3673408e+01
  0.0000000e+00 0.0000000e+00 7.3047229e+02 0.0000000e+00 0.0000000e+00
  0.0000000e+00 0.0000000e+00 0.0000000e+00 0.0000000e+00 9.5936188e+02
  0.0000000e+00 0.0000000e+00 3.7855099e+02 1.3181108e+02 0.0000000e+00
  0.0000000e+00 0.0000000e+00 0.0000000e+00 0.0000000e+00 0.0000000e+00
  0.0000000e+00 0.0000000e+00 0.0000000e+00 2.5036021e+02 4.6559814e+02
  0.0000000e+00 0.0000000e+00 0.0000000e+00 0.0000000e+00 0.0000000e+00
  4.8290991e+02 0.0000000e+00 0.0000000e+00 0.0000000e+00 0.0000000e+00
  0.0000000e+00 5.6431384e+02 1.1357440e+03 0.0000000e+00 0.0000000e+00
  0.0000000e+00 1.4002083e+02 0.0000000e+00 0.0000000e+00 0.0000000e+00
  0.0000000e+00 0.0000000e+00 0.0000000e+00 0.0000000e+00 0.0000000e+00
  0.0000000e+00 0.0000000e+00 0.0000000e+00 2.2264519e+02 0.0000000e+00
  3.6577843e+01 0.0000000e+00 2.7535675e+02 0.0000000e+00 0.0000000e+00
  5.5870895e+00 0.0000000e+00 0.0000000e+00 0.0000000e+00 0.0000000e+00
  0.0000000e+00 0.0000000e+00 6.4815155e+01 1.0045790e+03 0.0000000e+00
  0.0000000e+00 0.0000000e+00 0.0000000e+00 1.1442932e+03 0.0000000e+00
  0.0000000e+00 6.6564691e+02 0.0000000e+00 6.9623523e+02 0.0000000e+00
  0.0000000e+00 0.0000000e+00 0.0000000e+00 0.0000000e+00 0.0000000e+00
  0.0000000e+00 0.0000000e+00 0.0000000e+00 0.0000000e+00 0.0000000e+00
  0.0000000e+00 0.0000000e+00 0.0000000e+00 0.0000000e+00 0.0000000e+00
  0.0000000e+00 0.0000000e+00 8.4663611e+02 0.0000000e+00 0.0000000e+00
  0.0000000e+00 0.0000000e+00 0.0000000e+00 0.0000000e+00 0.0000000e+00
  0.0000000e+00 0.0000000e+00 2.7941431e+02 0.0000000e+00 0.0000000e+00
  0.0000000e+00 0.0000000e+00 0.0000000e+00 0.0000000e+00 0.0000000e+00
  0.0000000e+00 0.0000000e+00 0.0000000e+00 0.0000000e+00 0.0000000e+00
  0.0000000e+00 0.0000000e+00 0.0000000e+00 0.0000000e+00 0.0000000e+00
  1.4989024e+02 0.0000000e+00 0.0000000e+00 0.0000000e+00 0.0000000e+00
  0.0000000e+00 0.0000000e+00 0.0000000e+00 0.0000000e+00 0.0000000e+00
  2.7912304e+01 0.0000000e+00 0.0000000e+00 0.0000000e+00 0.0000000e+00
  5.5284778e+02 3.2816879e+02 0.0000000e+00 0.0000000e+00 0.0000000e+00
  9.9129932e+02 0.0000000e+00 1.3861465e+02 0.0000000e+00 0.0000000e+00
  0.0000000e+00 0.0000000e+00 0.0000000e+00 0.0000000e+00 0.0000000e+00
  0.0000000e+00 0.0000000e+00 0.0000000e+00 0.0000000e+00 0.0000000e+00
  0.0000000e+00 0.0000000e+00 0.0000000e+00 0.0000000e+00 0.0000000e+00
  0.0000000e+00 0.0000000e+00 2.2568893e+02 0.0000000e+00 0.0000000e+00
  0.0000000e+00 0.0000000e+00 0.0000000e+00 1.2656258e+02 0.0000000e+00
  0.0000000e+00 0.0000000e+00 0.0000000e+00 0.0000000e+00 0.0000000e+00
  0.0000000e+00 5.2035408e+01 0.0000000e+00 0.0000000e+00 0.0000000e+00
  0.0000000e+00 0.0000000e+00 0.0000000e+00 0.0000000e+00 0.0000000e+00
  0.0000000e+00 0.0000000e+00 0.0000000e+00 0.0000000e+00 0.0000000e+00
  2.9988013e+02 0.0000000e+00 0.0000000e+00 0.0000000e+00 0.0000000e+00
  9.3517139e+02 6.4565527e+02 0.0000000e+00 0.0000000e+00 0.0000000e+00
  0.0000000e+00 0.0000000e+00 0.0000000e+00 0.0000000e+00 0.0000000e+00
  0.0000000e+00 0.0000000e+00 3.1897556e+02 0.0000000e+00 0.0000000e+00
  0.0000000e+00 0.0000000e+00 1.9841217e+02 0.0000000e+00 0.0000000e+00
  0.0000000e+00 0.0000000e+00 0.0000000e+00 3.6260916e+02 0.0000000e+00
  0.0000000e+00 0.0000000e+00 0.0000000e+00 0.0000000e+00 0.0000000e+00
  0.0000000e+00 3.5080994e+02 0.0000000e+00 0.0000000e+00 0.0000000e+00
  0.0000000e+00 0.0000000e+00 0.0000000e+00 0.0000000e+00 0.0000000e+00
  0.0000000e+00 0.0000000e+00 0.0000000e+00 0.0000000e+00 0.0000000e+00
  0.0000000e+00 0.0000000e+00 0.0000000e+00 0.0000000e+00 0.0000000e+00
  0.0000000e+00 0.0000000e+00 0.0000000e+00 0.0000000e+00 0.0000000e+00
  0.0000000e+00 0.0000000e+00 0.0000000e+00 0.0000000e+00 0.0000000e+00
  0.0000000e+00 0.0000000e+00 0.0000000e+00 0.0000000e+00 0.0000000e+00
  0.0000000e+00 0.0000000e+00 0.0000000e+00 0.0000000e+00 0.0000000e+00
  0.0000000e+00 0.0000000e+00 0.0000000e+00 0.0000000e+00 0.0000000e+00
  0.0000000e+00 0.0000000e+00 0.0000000e+00 0.0000000e+00 0.0000000e+00
  0.0000000e+00 4.2601932e+02 4.8146759e+02 0.0000000e+00 0.0000000e+00
  4.5802753e+01 0.0000000e+00 0.0000000e+00 0.0000000e+00 0.0000000e+00
  6.8196979e+02 0.0000000e+00 5.2701202e+02 3.1150223e+02 0.0000000e+00
  0.0000000e+00 0.0000000e+00 0.0000000e+00 4.5356802e+02 0.0000000e+00
  0.0000000e+00 0.0000000e+00 0.0000000e+00 0.0000000e+00 0.0000000e+00
  0.0000000e+00 0.0000000e+00 0.0000000e+00 0.0000000e+00 2.5810464e+02
  0.0000000e+00 0.0000000e+00 0.0000000e+00 0.0000000e+00 0.0000000e+00
  0.0000000e+00 0.0000000e+00 0.0000000e+00 0.0000000e+00 0.0000000e+00
  0.0000000e+00 0.0000000e+00 0.0000000e+00 0.0000000e+00 0.0000000e+00
  9.0184131e+02 0.0000000e+00 4.1891971e+02 0.0000000e+00 0.0000000e+00
  0.0000000e+00 0.0000000e+00 0.0000000e+00 0.0000000e+00 0.0000000e+00
  3.9220661e+01 0.0000000e+00 0.0000000e+00 0.0000000e+00 0.0000000e+00
  0.0000000e+00 0.0000000e+00 7.4770825e+02 0.0000000e+00 2.0812506e+02
  0.0000000e+00 0.0000000e+00 0.0000000e+00 0.0000000e+00 0.0000000e+00
  0.0000000e+00 0.0000000e+00 0.0000000e+00 0.0000000e+00 0.0000000e+00
  0.0000000e+00 0.0000000e+00 0.0000000e+00 0.0000000e+00 0.0000000e+00
  0.0000000e+00 0.0000000e+00 2.1874269e+02 0.0000000e+00 0.0000000e+00
  0.0000000e+00 0.0000000e+00 0.0000000e+00 0.0000000e+00 1.5821500e+02
  0.0000000e+00 0.0000000e+00 0.0000000e+00 0.0000000e+00 0.0000000e+00
  0.0000000e+00 0.0000000e+00 0.0000000e+00 0.0000000e+00 0.0000000e+00
  0.0000000e+00 0.0000000e+00 0.0000000e+00 0.0000000e+00 0.0000000e+00
  0.0000000e+00 0.0000000e+00 0.0000000e+00 0.0000000e+00 4.1803342e+02
  0.0000000e+00 0.0000000e+00 0.0000000e+00 1.2329222e+03 0.0000000e+00
  0.0000000e+00 0.0000000e+00 0.0000000e+00 0.0000000e+00 0.0000000e+00
  0.0000000e+00 0.0000000e+00 0.0000000e+00 0.0000000e+00 0.0000000e+00
  0.0000000e+00 0.0000000e+00 0.0000000e+00 0.0000000e+00 0.0000000e+00
  0.0000000e+00 0.0000000e+00 0.0000000e+00 0.0000000e+00 0.0000000e+00
  7.1963474e-02 0.0000000e+00 0.0000000e+00 0.0000000e+00 7.9906342e+02
  0.0000000e+00 0.0000000e+00 0.0000000e+00 0.0000000e+00 0.0000000e+00
  4.1095267e+02 0.0000000e+00 0.0000000e+00 0.0000000e+00 0.0000000e+00
  0.0000000e+00 0.0000000e+00 0.0000000e+00 0.0000000e+00 0.0000000e+00
  0.0000000e+00 0.0000000e+00 0.0000000e+00 0.0000000e+00 0.0000000e+00
  0.0000000e+00 3.4138275e+02 0.0000000e+00 0.0000000e+00 0.0000000e+00
  1.4978709e+02 2.6914291e+02 0.0000000e+00 0.0000000e+00 0.0000000e+00
  0.0000000e+00 0.0000000e+00]]

dense_1 - Output (no channels):
[[0. 0. 0. 0. 0. 1. 0. 0. 0. 0.]]

